0	1	1	0
0.01	1.0101	1.0101	3.30827e-05
0.02	1.0204	1.0204	0.000164646
0.03	1.03091	1.03091	0.000393624
0.04	1.04161	1.04162	0.000718906
0.05	1.05253	1.05254	0.00113934
0.06	1.06366	1.06367	0.00165374
0.07	1.07499	1.07502	0.00226087
0.08	1.08654	1.08657	0.00295949
0.09	1.09831	1.09835	0.00374829
0.1	1.11029	1.11034	0.00462597
0.11	1.12249	1.12256	0.00559118
0.12	1.13492	1.13499	0.00664256
0.13	1.14757	1.14766	0.00777872
0.14	1.16044	1.16055	0.00899826
0.15	1.17355	1.17367	0.0102998
0.16	1.18688	1.18702	0.0116818
0.17	1.20045	1.20061	0.013143
0.18	1.21426	1.21443	0.0146817
0.19	1.2283	1.2285	0.0162967
0.2	1.24258	1.24281	0.0179864
0.21	1.25711	1.25736	0.0197494
0.22	1.27188	1.27215	0.0215841
0.23	1.2869	1.2872	0.0234892
0.24	1.30217	1.3025	0.0254631
0.25	1.31769	1.31805	0.0275045
0.26	1.33347	1.33386	0.0296118
0.27	1.3495	1.34993	0.0317836
0.28	1.36579	1.36626	0.0340185
0.29	1.38235	1.38285	0.036315
0.3	1.39918	1.39972	0.0386718
0.31	1.41627	1.41685	0.0410873
0.32	1.43363	1.43426	0.0435602
0.33	1.45127	1.45194	0.0460892
0.34	1.46918	1.4699	0.0486728
0.35	1.48737	1.48814	0.0513097
0.36	1.50585	1.50666	0.0539986
0.37	1.5246	1.52547	0.0567381
0.38	1.54365	1.54457	0.0595269
0.39	1.56299	1.56396	0.0623638
0.4	1.58262	1.58365	0.0652474
0.41	1.60254	1.60364	0.0681766
0.42	1.62277	1.62392	0.0711501
0.43	1.6433	1.64452	0.0741667
0.44	1.66413	1.66541	0.0772251
0.45	1.68527	1.68662	0.0803243
0.46	1.70672	1.70815	0.083463
0.47	1.72849	1.72999	0.0866402
0.48	1.75057	1.75215	0.0898547
0.49	1.77298	1.77463	0.0931055
0.5	1.79571	1.79744	0.0963914
0.51	1.81877	1.82058	0.0997114
0.52	1.84215	1.84406	0.103065
0.53	1.86588	1.86786	0.10645
0.54	1.88994	1.89201	0.109866
0.55	1.91433	1.91651	0.113313
0.56	1.93908	1.94135	0.116788
0.57	1.96417	1.96653	0.120292
0.58	1.98961	1.99208	0.123824
0.59	2.01541	2.01798	0.127382
0.6	2.04156	2.04424	0.130965
0.61	2.06808	2.07086	0.134573
0.62	2.09496	2.09786	0.138206
0.63	2.12221	2.12522	0.141861
0.64	2.14983	2.15296	0.145539
0.65	2.17783	2.18108	0.149239
0.66	2.2062	2.20958	0.152959
0.67	2.23497	2.23847	0.1567
0.68	2.26412	2.26776	0.16046
0.69	2.29366	2.29743	0.164239
0.7	2.32359	2.32751	0.168036
0.71	2.35393	2.35798	0.17185
0.72	2.38467	2.38887	0.175682
0.73	2.41582	2.42016	0.179529
0.74	2.44737	2.45187	0.183393
0.75	2.47935	2.484	0.187271
0.76	2.51174	2.51655	0.191164
0.77	2.54456	2.54953	0.195071
0.78	2.5778	2.58294	0.198991
0.79	2.61148	2.61679	0.202924
0.8	2.6456	2.65108	0.206869
0.81	2.68015	2.68582	0.210826
0.82	2.71516	2.721	0.214795
0.83	2.75061	2.75664	0.218775
0.84	2.78651	2.79273	0.222765
0.85	2.82288	2.82929	0.226765
0.86	2.85971	2.86632	0.230775
0.87	2.897	2.90382	0.234795
0.88	2.93477	2.9418	0.238823
0.89	2.97302	2.98026	0.242859
0.9	3.01175	3.01921	0.246904
0.91	3.05097	3.05865	0.250957
0.92	3.09068	3.09858	0.255017
0.93	3.13089	3.13902	0.259084
0.94	3.17159	3.17996	0.263157
0.95	3.21281	3.22142	0.267238
0.96	3.25454	3.26339	0.271324
0.97	3.29678	3.30589	0.275416
0.98	3.33955	3.34891	0.279514
0.99	3.38285	3.39247	0.283617
1	3.42668	3.43656	0.287725
1.01	3.47104	3.4812	0.291838
1.02	3.51595	3.52639	0.295956
1.03	3.56141	3.57213	0.300077
1.04	3.60743	3.61843	0.304203
1.05	3.654	3.6653	0.308333
1.06	3.70114	3.71274	0.312466
1.07	3.74885	3.76076	0.316603
1.08	3.79714	3.80936	0.320743
1.09	3.84601	3.85855	0.324886
1.1	3.89547	3.90833	0.329032
1.11	3.94553	3.95872	0.333181
1.12	3.99618	4.00971	0.337332
1.13	4.04744	4.06131	0.341486
1.14	4.09932	4.11354	0.345642
1.15	4.15181	4.16639	0.3498
1.16	4.20493	4.21987	0.353959
1.17	4.25868	4.27399	0.358121
1.18	4.31307	4.32875	0.362284
1.19	4.3681	4.38416	0.366449
1.2	4.42378	4.44023	0.370615
1.21	4.48012	4.49697	0.374783
1.22	4.53712	4.55438	0.378952
1.23	4.59479	4.61246	0.383121
1.24	4.65314	4.67123	0.387292
1.25	4.71217	4.73069	0.391464
1.26	4.77189	4.79084	0.395636
1.27	4.83231	4.85171	0.39981
1.28	4.89343	4.91328	0.403983
1.29	4.95526	4.97557	0.408158
1.3	5.01782	5.03859	0.412333
1.31	5.0811	5.10235	0.416508
1.32	5.14511	5.16684	0.420683
1.33	5.20986	5.23209	0.424859
1.34	5.27536	5.29809	0.429035
1.35	5.34161	5.36485	0.433211
1.36	5.40863	5.43239	0.437388
1.37	5.47641	5.5007	0.441564
1.38	5.54498	5.5698	0.44574
1.39	5.61433	5.6397	0.449917
1.4	5.68447	5.7104	0.454093
1.41	5.75541	5.78191	0.458269
1.42	5.82717	5.85424	0.462445
1.43	5.89974	5.9274	0.46662
1.44	5.97314	6.00139	0.470796
1.45	6.04737	6.07623	0.474971
1.46	6.12244	6.15192	0.479146
1.47	6.19837	6.22847	0.48332
1.48	6.27515	6.30589	0.487494
1.49	6.3528	6.38419	0.491668
1.5	6.43133	6.46338	0.495842
1.51	6.51074	6.54346	0.500015
1.52	6.59105	6.62445	0.504187
1.53	6.67226	6.70635	0.508359
1.54	6.75438	6.78918	0.512531
1.55	6.83743	6.87294	0.516702
1.56	6.9214	6.95764	0.520873
1.57	7.00632	7.0433	0.525044
1.58	7.09218	7.12991	0.529213
1.59	7.179	7.2175	0.533383
1.6	7.26679	7.30606	0.537552
1.61	7.35556	7.39562	0.54172
1.62	7.44531	7.48618	0.545888
1.63	7.53607	7.57775	0.550055
1.64	7.62783	7.67034	0.554222
1.65	7.72061	7.76396	0.558389
1.66	7.81441	7.85862	0.562555
1.67	7.90926	7.95434	0.56672
1.68	8.00515	8.05111	0.570885
1.69	8.1021	8.14896	0.57505
1.7	8.20012	8.24789	0.579214
1.71	8.29922	8.34792	0.583377
1.72	8.39942	8.44906	0.587541
1.73	8.50071	8.55131	0.591703
1.74	8.60312	8.65469	0.595866
1.75	8.70665	8.75921	0.600028
1.76	8.81131	8.86487	0.604189
1.77	8.91713	8.97171	0.60835
1.78	9.0241	9.07971	0.612511
1.79	9.13224	9.1889	0.616672
1.8	9.24156	9.29929	0.620832
1.81	9.35208	9.41089	0.624991
1.82	9.4638	9.52372	0.629151
1.83	9.57674	9.63777	0.63331
1.84	9.6909	9.75308	0.637469
1.85	9.80631	9.86964	0.641627
1.86	9.92298	9.98747	0.645786
1.87	10.0409	10.1066	0.649944
1.88	10.1601	10.227	0.654102
1.89	10.2806	10.3487	0.658259
1.9	10.4024	10.4718	0.662417
1.91	10.5255	10.5962	0.666574
1.92	10.65	10.7219	0.670731
1.93	10.7758	10.849	0.674888
1.94	10.903	10.9775	0.679045
1.95	11.0315	11.1074	0.683202
1.96	11.1614	11.2387	0.687359
1.97	11.2927	11.3714	0.691516
1.98	11.4254	11.5055	0.695673
1.99	11.5596	11.6411	0.69983
2	11.6952	11.7781	0.703986
