0	1	1	0
0.01	0.0101	1.0101	99.0001
0.02	3.0401e-06	1.0204	99.9997
0.03	9.12122e-10	1.03091	100
0.04	3.64849e-13	1.04162	100
0.05	1.82424e-16	1.05254	100
0.06	1.09455e-19	1.06367	100
0.07	7.66183e-23	1.07502	100
0.08	6.12946e-26	1.08657	100
0.09	5.51652e-29	1.09835	100
0.1	5.51652e-32	1.11034	100
0.11	6.06817e-35	1.12256	100
0.12	7.2818e-38	1.13499	100
0.13	9.46634e-41	1.14766	100
0.14	1.32529e-43	1.16055	100
0.15	1.98793e-46	1.17367	100
0.16	3.18069e-49	1.18702	100
0.17	5.40717e-52	1.20061	100
0.18	9.73291e-55	1.21443	100
0.19	1.84925e-57	1.2285	100
0.2	3.69851e-60	1.24281	100
0.21	7.76687e-63	1.25736	100
0.22	1.70871e-65	1.27215	100
0.23	3.93003e-68	1.2872	100
0.24	9.43208e-71	1.3025	100
0.25	2.35802e-73	1.31805	100
0.26	6.13085e-76	1.33386	100
0.27	1.65533e-78	1.34993	100
0.28	4.63493e-81	1.36626	100
0.29	1.34413e-83	1.38285	100
0.3	4.03238e-86	1.39972	100
0.31	1.25004e-88	1.41685	100
0.32	4.00013e-91	1.43426	100
0.33	1.32004e-93	1.45194	100
0.34	4.48814e-96	1.4699	100
0.35	1.57085e-98	1.48814	100
0.36	5.65506e-101	1.50666	100
0.37	2.09237e-103	1.52547	100
0.38	7.95101e-106	1.54457	100
0.39	3.10089e-108	1.56396	100
0.4	1.24036e-110	1.58365	100
0.41	5.08547e-113	1.60364	100
0.42	2.1359e-115	1.62392	100
0.43	9.18435e-118	1.64452	100
0.44	4.04112e-120	1.66541	100
0.45	1.8185e-122	1.68662	100
0.46	8.36511e-125	1.70815	100
0.47	3.9316e-127	1.72999	100
0.48	1.88717e-129	1.75215	100
0.49	9.24713e-132	1.77463	100
0.5	4.62356e-134	1.79744	100
0.51	2.35802e-136	1.82058	100
0.52	1.22617e-138	1.84406	100
0.53	6.49869e-141	1.86786	100
0.54	3.5093e-143	1.89201	100
0.55	1.93011e-145	1.91651	100
0.56	1.08086e-147	1.94135	100
0.57	6.16092e-150	1.96653	100
0.58	3.57333e-152	1.99208	100
0.59	2.10827e-154	2.01798	100
0.6	1.26496e-156	2.04424	100
0.61	7.71626e-159	2.07086	100
0.62	4.78408e-161	2.09786	100
0.63	3.01397e-163	2.12522	100
0.64	1.92894e-165	2.15296	100
0.65	1.25381e-167	2.18108	100
0.66	8.27515e-170	2.20958	100
0.67	5.54435e-172	2.23847	100
0.68	3.77016e-174	2.26776	100
0.69	2.60141e-176	2.29743	100
0.7	1.82099e-178	2.32751	100
0.71	1.2929e-180	2.35798	100
0.72	9.30889e-183	2.38887	100
0.73	6.79549e-185	2.42016	100
0.74	5.02866e-187	2.45187	100
0.75	3.7715e-189	2.484	100
0.76	2.86634e-191	2.51655	100
0.77	2.20708e-193	2.54953	100
0.78	1.72152e-195	2.58294	100
0.79	1.36e-197	2.61679	100
0.8	1.088e-199	2.65108	100
0.81	8.81281e-202	2.68582	100
0.82	7.22651e-204	2.721	100
0.83	5.998e-206	2.75664	100
0.84	5.03832e-208	2.79273	100
0.85	4.28257e-210	2.82929	100
0.86	3.68301e-212	2.86632	100
0.87	3.20422e-214	2.90382	100
0.88	2.81971e-216	2.9418	100
0.89	2.50955e-218	2.98026	100
0.9	2.25859e-220	3.01921	100
0.91	2.05532e-222	3.05865	100
0.92	1.89089e-224	3.09858	100
0.93	1.75853e-226	3.13902	100
0.94	1.65302e-228	3.17996	100
0.95	1.57037e-230	3.22142	100
0.96	1.50755e-232	3.26339	100
0.97	1.46233e-234	3.30589	100
0.98	1.43308e-236	3.34891	100
0.99	1.41875e-238	3.39247	100
1	1.41875e-240	3.43656	100
1.01	1.43294e-242	3.4812	100
1.02	1.4616e-244	3.52639	100
1.03	1.50544e-246	3.57213	100
1.04	1.56566e-248	3.61843	100
1.05	1.64394e-250	3.6653	100
1.06	1.74258e-252	3.71274	100
1.07	1.86456e-254	3.76076	100
1.08	2.01373e-256	3.80936	100
1.09	2.19496e-258	3.85855	100
1.1	2.41446e-260	3.90833	100
1.11	2.68005e-262	3.95872	100
1.12	3.00165e-264	4.00971	100
1.13	3.39187e-266	4.06131	100
1.14	3.86673e-268	4.11354	100
1.15	4.44674e-270	4.16639	100
1.16	5.15822e-272	4.21987	100
1.17	6.03511e-274	4.27399	100
1.18	7.12144e-276	4.32875	100
1.19	8.47451e-278	4.38416	100
1.2	1.01694e-279	4.44023	100
1.21	1.2305e-281	4.49697	100
1.22	1.50121e-283	4.55438	100
1.23	1.84649e-285	4.61246	100
1.24	2.28964e-287	4.67123	100
1.25	2.86205e-289	4.73069	100
1.26	3.60619e-291	4.79084	100
1.27	4.57986e-293	4.85171	100
1.28	5.86222e-295	4.91328	100
1.29	7.56226e-297	4.97557	100
1.3	9.83094e-299	5.03859	100
1.31	1.28785e-300	5.10235	100
1.32	1.69997e-302	5.16684	100
1.33	2.26095e-304	5.23209	100
1.34	3.02968e-306	5.29809	100
1.35	4.09007e-308	5.36485	100
1.36	5.56249e-310	5.43239	100
1.37	7.62061e-312	5.5007	100
1.38	1.05164e-313	5.5698	100
1.39	1.46179e-315	5.6397	100
1.4	2.0465e-317	5.7104	100
1.41	2.88554e-319	5.78191	100
1.42	4.0958e-321	5.85424	100
1.43	5.92879e-323	5.9274	100
1.44	0	6.00139	100
1.45	0	6.07623	100
1.46	0	6.15192	100
1.47	0	6.22847	100
1.48	0	6.30589	100
1.49	0	6.38419	100
1.5	0	6.46338	100
1.51	0	6.54346	100
1.52	0	6.62445	100
1.53	0	6.70635	100
1.54	0	6.78918	100
1.55	0	6.87294	100
1.56	0	6.95764	100
1.57	0	7.0433	100
1.58	0	7.12991	100
1.59	0	7.2175	100
1.6	0	7.30606	100
1.61	0	7.39562	100
1.62	0	7.48618	100
1.63	0	7.57775	100
1.64	0	7.67034	100
1.65	0	7.76396	100
1.66	0	7.85862	100
1.67	0	7.95434	100
1.68	0	8.05111	100
1.69	0	8.14896	100
1.7	0	8.24789	100
1.71	0	8.34792	100
1.72	0	8.44906	100
1.73	0	8.55131	100
1.74	0	8.65469	100
1.75	0	8.75921	100
1.76	0	8.86487	100
1.77	0	8.97171	100
1.78	0	9.07971	100
1.79	0	9.1889	100
1.8	0	9.29929	100
1.81	0	9.41089	100
1.82	0	9.52372	100
1.83	0	9.63777	100
1.84	0	9.75308	100
1.85	0	9.86964	100
1.86	0	9.98747	100
1.87	0	10.1066	100
1.88	0	10.227	100
1.89	0	10.3487	100
1.9	0	10.4718	100
1.91	0	10.5962	100
1.92	0	10.7219	100
1.93	0	10.849	100
1.94	0	10.9775	100
1.95	0	11.1074	100
1.96	0	11.2387	100
1.97	0	11.3714	100
1.98	0	11.5055	100
1.99	0	11.6411	100
2	0	11.7781	100
