0.853303   9.3663912e-01   8.3559953e-01
0.769317   1.1928375e+00   7.1098228e-01
0.18813   9.5041322e-01   7.7169221e-01
0.712206   1.0826446e+00   7.2310466e-01
0.167973   1.0165289e+00   6.8605181e-01
0.369541   9.0358127e-01   8.3225615e-01
0.335946   1.1239669e+00   6.2862436e-01
0.201568   7.6033058e-01   7.9860688e-01
0.218365   1.0358127e+00   6.5678747e-01
0.591265   1.0000000e+00   8.1340818e-01
0.198208   9.8071625e-01   7.3879031e-01
0.648376   1.2589532e+00   7.2744444e-01
0.584546   8.2920110e-01   9.2211417e-01
0.577828   1.3305785e+00   7.0827109e-01
0.722284   9.1460055e-01   9.5818799e-01
0.614782   6.9146006e-01   8.1137813e-01
0.241881   8.5123967e-01   7.9003165e-01
0.782755   1.0688705e+00   7.0398014e-01
0.0403136   7.1074380e-01   6.6398709e-01
0.68533   8.0991736e-01   9.6645030e-01