20 3 
1.4669653e-01   9.3663912e-01   8.3559953e-01
2.3068309e-01   1.1928375e+00   7.1098228e-01
8.1187010e-01   9.5041322e-01   7.7169221e-01
2.8779395e-01   1.0826446e+00   7.2310466e-01
8.3202688e-01   1.0165289e+00   6.8605181e-01
6.3045913e-01   9.0358127e-01   8.3225615e-01
6.6405375e-01   1.1239669e+00   6.2862436e-01
7.9843225e-01   7.6033058e-01   7.9860688e-01
7.8163494e-01   1.0358127e+00   6.5678747e-01
4.0873460e-01   1.0000000e+00   8.1340818e-01
8.0179171e-01   9.8071625e-01   7.3879031e-01
3.5162374e-01   1.2589532e+00   7.2744444e-01
4.1545353e-01   8.2920110e-01   9.2211417e-01
4.2217245e-01   1.3305785e+00   7.0827109e-01
2.7771557e-01   9.1460055e-01   9.5818799e-01
3.8521837e-01   6.9146006e-01   8.1137813e-01
7.5811870e-01   8.5123967e-01   7.9003165e-01
2.1724524e-01   1.0688705e+00   7.0398014e-01
9.5968645e-01   7.1074380e-01   6.6398709e-01
3.1466965e-01   8.0991736e-01   9.6645030e-01
