           1     0.853303  1.21853e+27  1.61757e+27  1.06472e+27     0.877293     0.621313 -1.72723e-77     0.821707     0.530169     0.510537     0.769643
    0.853303     0.728127   9.5933e+26  1.51454e+27 1.27112e+147     0.748597     0.530169 -1.47385e-77     0.701165     0.452395     0.435643     0.656739
 1.21853e+27   9.5933e+26          inf   1.248e+142 1.92774e+118  6.46407e+26     0.581946 -1.61779e-77     0.769643     0.496577     0.478189     0.720877
 1.61757e+27  1.51454e+27   1.248e+142          inf 1.60309e+118  5.3708e+132     0.452395 -1.25765e-77     0.598307      0.38603     0.371736     0.560398
 1.06472e+27 1.27112e+147 1.92774e+118 1.60309e+118          inf  1.58061e+26     0.496577 -1.38047e-77     0.656739     0.423731      0.40804     0.615127
    0.877293     0.748597  6.46407e+26  5.3708e+132  1.58061e+26     0.769643     0.545074 -1.51529e-77     0.720877     0.465113     0.447891     0.675202
    0.621313     0.530169     0.581946     0.452395     0.496577     0.545074      0.38603 -1.07315e-77     0.510537     0.329401     0.317203     0.478189
-1.72723e-77 -1.47385e-77 -1.61779e-77 -1.25765e-77 -1.38047e-77 -1.51529e-77 -1.07315e-77 2.98334e-154 -1.41928e-77 -9.15725e-78 -8.81817e-78 -1.32935e-77
    0.821707     0.701165     0.769643     0.598307     0.656739     0.720877     0.510537 -1.41928e-77     0.675202     0.435643     0.419512     0.632421
    0.530169     0.452395     0.496577      0.38603     0.423731     0.465113     0.329401 -9.15725e-78     0.435643     0.281079     0.270671      0.40804
    0.510537     0.435643     0.478189     0.371736      0.40804     0.447891     0.317203 -8.81817e-78     0.419512     0.270671     0.260648     0.392931
    0.769643     0.656739     0.720877     0.560398     0.615127     0.675202     0.478189 -1.32935e-77     0.632421      0.40804     0.392931      0.59235